 18910 22800 23374 16773  4793 29574 29713 26891 18425 19601  2514  9056  2927 31497  8987 15289
  7953  3678 20904 31916 25515 25214 18112 17206 12241 27385   454 17154  4888 14691 19723 24552
 22918 17147 31974 16565 25414 10633  9479 32554  9376  2957 14344  6471 25129  8085 17733  1993
 32055  7919 18670  7665 25752 17280 16986  5767 32132 23796  1182 29215  6351 16664 30047  2715
 18531  7043 11748 32753 10478 24700 12911 25134 29656 26392 13262 15547 28024 28323  3885 26335
   903  4929    46 15750 12245 30165 14652 10817 29498  6946 22044  7053 31952 17969 23748 21080
 20831 20978 16497 10433  1817 20005  6900 13856 27016 25467  4172 29766  6596 17145  4218 18950
 32489  9374 27537  7924  6856  6469 27661 23660  5853 13261 27493 32726  7554 19830  5348  8745
 21345 27022 19124  6318  1327 31822 24892  4871 23960  6399  9388 23151 14197 19296 23765  5699
 24645  8268 17215 14786 24283  8600  8053 32529  4692 18747 32164  4993 15692 12209 13156 22805
 20818 31137  9942 24895  3736 18621  3055  1259 19439 13289  3091 15806 31475  2720  3046  9376
 15491 26516   863 14712  6517 22165  7198 22582 13191  4532  2559 32535   664  6568 20975 18980
 29208 11633 29438 18429 29373 25915  9654  3028 21623 29828  9643  8380 31911 22401 14676 16932
 19596 28606 27673 32158 19453 21510 11949  8678 27742 22402 20894  7967 30669  3108  3627 15455
   156 17479  4437 18030 25860 22415 15673  7115 15127 12055  5276 14832 14583 23755  1224 12247
 27974 16914   407  6589 23517  2481 10189  2598 21185 30956 22954  1057  2898 23533  2496 27341
 
